Correlation : 

[
[0.010458242826161578, 0.015457066156803654, 0.03370797039344473], 
[0.01488766474717842, 0.01645544147823925, 0.03089855730846157], 
[0.01446576116577082, 0.022319578152598864, 0.03121114993904134], 
[0.0098129260478831, 0.0358217852527759, 0.02811299669502689], 
[0.005015215012600313, 0.03769812977794553, 0.04004121331778592], 
[0.0035806872226626513, 0.025897151704568973, 0.058051588392394486], 
[0.0037044473757950696, 0.011768355418826143, 0.05926110267602698], 
[0.003698203450779491, 0.008555827973501032, 0.043929324776276556], 
[0.007041259547487298, 0.02071928054349267, 0.040336017903090354]
]


Integrale commune : 

[
[0.39552554262589024, 0.34218833394796705, 0.6435861742256629], 
[0.4644653078801411, 0.37434128928433563, 0.6042205957685974], 
[0.4862572928335569, 0.4874665369537591, 0.5943308835712698], 
[0.45947504698798436, 0.6250184607875532, 0.5474899702160588],
[0.2823667877533126, 0.6447471258367192, 0.7343040166051603], 
[0.21728910234214693, 0.5821833114668045, 0.9090703897767697], 
[0.20366325627359047, 0.30951061387962814, 0.927610389960624], 
[0.20393515640076407, 0.21322440412886765, 0.838058188898358], 
[0.3174028920946527, 0.430850140682046, 0.7235928030070705]
]